1757824304494 0.5675771550195104 500
1757833079632 1.0 881
1757834881993 1.1350833628946435 1000
1757842445786 1.702660517914154 1500
1757849448407 2.0 1762
1757852929149 2.270166725789287 2000
1757860207231 2.8377438808087976 2500
1757865243176 3.0 2643
1757870453411 3.4052500886839305 3000
1757877735831 3.972827243703441 3500
1757881002785 4.0 3524
1757887932736 4.540333451578574 4000
1757896725353 5.0 4405
1757898160136 5.107839659453707 4500
1757905693765 5.675416814473217 5000
1757913003082 6.0 5286
1757916235443 6.24292302234835 5500
1757923769815 6.810500177367861 6000
1757929284278 7.0 6167
1757934282235 7.378006385242994 6500
1757941812771 7.945583540262504 7000
1757945555120 8.0 7048
1757952379912 8.513089748137638 7500
1757961875324 9.0 7929
1757962948027 9.08059595601277 8000
1757970487108 9.64817311103228 8500
1757978163916 10.0 8810
1757981021019 10.215679318907414 9000
1757988536783 10.783256473926924 9500
1757994415086 11.0 9691
1757999056037 11.350762681802058 10000
1758006589678 11.918339836821568 10500
1758010690157 12.0 10572
1758010691015 12.0 10572
