1757824304494 3.0941991806030273 500
1757834881993 4.531798839569092 1000
1757842445786 5.192931652069092 1500
1757852929149 5.735515117645264 2000
1757860207231 6.259891986846924 2500
1757870453411 5.906920909881592 3000
1757877735831 8.069513320922852 3500
1757887932736 5.769855976104736 4000
1757898160136 6.92085075378418 4500
1757905693765 5.7183966636657715 5000
1757916235443 5.78712272644043 5500
1757923769815 4.47957181930542 6000
1757934282235 4.506584167480469 6500
1757941812771 4.99404764175415 7000
1757952379912 4.376115798950195 7500
1757962948027 3.510767936706543 8000
1757970487108 5.1281418800354 8500
1757981021019 3.48652720451355 9000
1757988536783 3.1907668113708496 9500
1757999056037 3.2263174057006836 10000
1758006589678 2.8141860961914062 10500
