1757824304494 9.527998486568294e-06 500
1757834881993 9.055051078320092e-06 1000
1757842445786 8.582103670071888e-06 1500
1757852929149 8.109156261823686e-06 2000
1757860207231 7.636208853575482e-06 2500
1757870453411 7.1632614453272794e-06 3000
1757877735831 6.6903140370790774e-06 3500
1757887932736 6.2173666288308746e-06 4000
1757898160136 5.744419220582672e-06 4500
1757905693765 5.271471812334469e-06 5000
1757916235443 4.798524404086266e-06 5500
1757923769815 4.325576995838063e-06 6000
1757934282235 3.85262958758986e-06 6500
1757941812771 3.3796821793416574e-06 7000
1757952379912 2.9067347710934545e-06 7500
1757962948027 2.433787362845252e-06 8000
1757970487108 1.9608399545970488e-06 8500
1757981021019 1.4878925463488461e-06 9000
1757988536783 1.0149451381006432e-06 9500
1757999056037 5.419977298524405e-07 10000
1758006589678 6.905032160423762e-08 10500
