1757824304494 2.3304 500
1757834881993 1.4522 1000
1757842445786 1.0711 1500
1757852929149 0.8641 2000
1757860207231 0.7184 2500
1757870453411 0.612 3000
1757877735831 0.5331 3500
1757887932736 0.4468 4000
1757898160136 0.4165 4500
1757905693765 0.36 5000
1757916235443 0.3365 5500
1757923769815 0.3065 6000
1757934282235 0.2825 6500
1757941812771 0.2695 7000
1757952379912 0.2488 7500
1757962948027 0.238 8000
1757970487108 0.2296 8500
1757981021019 0.2175 9000
1757988536783 0.2128 9500
1757999056037 0.2092 10000
1758006589678 0.2061 10500
